48.2382 1.54887 43.4806  -0.619782 -0.196116 0.759874  -0.123956 0.980581 0.151975  0.5534 0.433896  17.7229
49.1245 1.51665 46.3075  -0.976637 -0.196116 -0.0878558  -0.195327 0.980581 -0.0175712  0.5534 0.433896  15.6916
46.5356 4.29729 42.0867  -0.948311 -0.196116 -0.249488  -0.189662 0.980581 -0.0498977  0.5534 0.433896  14.601
46.3482 4.20855 40.9303  -0.892397 -0.196116 0.406406  -0.178479 0.980581 0.0812812  0.5534 0.433896  13.957
49.019 4.26364 43.1005  -0.715604 -0.196116 0.67041  -0.143121 0.980581 0.134082  0.5534 0.433896  13.8108
44.8601 1.56514 44.4695  0.856584 -0.196116 0.477287  0.171317 0.980581 0.0954574  0.5534 0.433896  13.7827
45.2665 4.26981 43.2033  0.566202 -0.196116 0.800596  0.11324 0.980581 0.160119  0.5534 0.433896  13.6285
48.425 1.57059 38.1591  -0.959239 -0.196116 0.203468  -0.191848 0.980581 0.0406936  0.5534 0.433896  13.5964
45.2954 1.50812 41.849  0.0854772 -0.196116 -0.976848  0.0170954 0.980581 -0.19537  0.5534 0.433896  12.8847
46.0884 1.52404 42.7658  -0.229254 -0.196116 -0.953405  -0.0458508 0.980581 -0.190681  0.5534 0.433896  12.8414
46.1192 4.23326 47.2182  0.763126 -0.196116 -0.615773  0.152625 0.980581 -0.123155  0.5534 0.433896  12.8018
48.3272 4.25361 47.1056  -0.951747 -0.196116 -0.236044  -0.190349 0.980581 -0.0472089  0.5534 0.433896  12.4778
45.2549 4.20669 41.8036  0.0605798 -0.196116 -0.978708  0.012116 0.980581 -0.195742  0.5534 0.433896  11.7032
56.357 4.26305 40.4094  0.466622 -0.196116 -0.86244  0.0933244 0.980581 -0.172488  0.5534 0.433896  9.44018
45.3583 4.29456 39.6398  0.903591 -0.196116 0.38087  0.180718 0.980581 0.076174  0.5534 0.433896  8.84362
57.5614 4.21892 40.2299  -0.143541 -0.196116 -0.970018  -0.0287083 0.980581 -0.194004  0.5534 0.433896  8.39389
55.2101 4.2275 39.4245  0.972941 -0.196116 0.122168  0.194588 0.980581 0.0244335  0.5534 0.433896  5.95064